mae_val:1.7170760730072725
rmse_val:3.0030802399520047
